0	0.72806
1	0.11074
2	0.072809
3	0.093039
4	0.39982
5	0.67779
6	0.0014199
7	0.017907
8	0.97741
9	0.54965
10	0.62482
11	0.37987
12	0.17558
13	0.087954
14	0.27414
15	0.89703
16	0.23676
17	0.42088
18	0.042594
19	0.29808
20	0.56937
21	0.86011
22	0.7878
23	0.55809
24	0.67603
25	0.6445
26	0.28287
27	0.017191
28	0.78167
29	0.64456
30	0.38635
31	0.29934
32	0.053525
33	0.65278
34	0.2258
35	0.067161
36	0.37758
37	0.0675
38	0.45113
39	0.83057
40	0.32704
41	0.92947
42	0.53769
43	0.23531
44	0.35282
45	0.57398
46	0.93672
47	0.16504
48	0.35522
49	0.41178
50	0.63192
51	0.4147
52	0.47557
53	0.43824
54	0.89014
55	0.1764
56	0.31012
57	0.24813
58	0.66994
59	0.73125
60	0.86246
61	0.062052
62	0.82127
63	0.31843
64	0.49875
65	0.41626
66	0.69076
67	0.042589
68	0.92278
69	0.066022
70	0.56058
71	0.13797
72	0.76896
73	0.98828
74	0.69866
75	0.6896
76	0.32469
77	0.75065
78	0.070755
79	0.08648
80	0.11734
81	0.69633
82	0.15739
83	0.52816
84	0.038698
85	0.015729
86	0.58097
87	0.559
88	0.75011
89	0.076769
90	0.023411
91	0.46534
92	0.28929
93	0.59802
94	0.93496
95	0.77264
96	0.39844
97	0.44516
98	0.62513
99	0.32162
100	0.17469
101	0.31913
102	0.53646
103	0.14147
104	0.54765
105	0.55142
106	0.94505
107	0.61006
108	0.00826
109	0.56257
110	0.62215
111	0.72665
112	0.60511
113	0.79836
114	0.52554
115	0.61147
116	0.026222
117	0.76288
118	0.032007
119	0.98842
120	0.4254
121	0.85895
122	0.30614
123	0.34028
124	0.7718
125	0.20073
126	0.68839
127	0.43964
128	0.99927
129	0.80336
130	0.16055
131	0.86997
132	0.61836
133	0.92649
134	0.56676
135	0.48965
136	0.81491
137	0.45783
138	0.56794
139	0.55395
140	0.40226
141	0.80816
142	0.50526
143	0.15006
144	0.32982
145	0.66163
146	0.38272
147	0.88739
148	0.54782
149	0.073912
150	0.30802
151	0.33108
152	0.64579
153	0.89067
154	0.46634
155	0.28408
156	0.94764
157	0.97949
158	0.27986
159	0.52294
160	0.22113
161	0.034423
162	0.12681
163	0.30684
164	0.48979
165	0.45716
166	0.8798
167	0.96507
168	0.32255
169	0.28972
170	0.14124
171	0.28079
172	0.057231
173	0.53393
174	0.014194
175	0.069577
176	0.87003
177	0.50016
178	0.98462
179	0.87694
180	0.64777
181	0.16125
182	0.17606
183	0.62994
184	0.67293
185	0.97992
186	0.16336
187	0.065281
188	0.89458
189	0.77348
190	0.53576
191	0.53389
192	0.62574
193	0.62634
194	0.43815
195	0.61315
196	0.4843
197	0.61174
198	0.4398
199	0.13942
200	0.40193
201	0.33975
202	0.82004
203	0.34644
204	0.88524
205	0.010515
206	0.40888
207	0.67649
208	0.0056258
209	0.84589
210	0.67317
211	0.99457
212	0.64229
213	0.92063
214	0.12165
215	0.20432
216	0.8405
217	0.086572
218	0.78338
219	0.15982
220	0.19369
221	0.023174
222	0.7047
223	0.11426
224	0.07093
225	0.0065005
226	0.62172
227	0.90641
228	0.56584
229	0.97698
230	0.99521
231	0.50869
232	0.9008
233	0.37245
234	0.23703
235	0.053979
236	0.7397
237	0.59123
238	0.091314
239	0.51987
240	0.36016
241	0.27456
242	0.70317
243	0.93274
244	0.16452
245	0.18598
246	0.9219
247	0.90977
248	0.043754
249	0.035651
250	0.036404
251	0.20347
252	0.29816
253	0.71187
254	0.11618
255	0.9309
256	0.1288
257	0.35231
258	0.93086
259	0.17034
260	0.23419
261	0.84345
262	0.70292
263	0.54715
264	0.55056
265	0.21918
266	0.51381
267	0.091455
268	0.41878
269	0.71074
270	0.20842
271	0.13491
272	0.047139
273	0.82941
274	0.11668
275	0.65737
276	0.99983
277	0.0085626
278	0.93414
279	0.93077
280	0.45391
281	0.5203
282	0.59642
283	0.37319
284	0.80806
285	0.33732
286	0.83259
287	0.01654
288	0.52107
289	0.12644
290	0.35612
291	0.85555
292	0.53949
293	0.70916
294	0.29939
295	0.81672
296	0.45119
297	0.24836
298	0.99457
299	0.65689
300	0.38961
301	0.63789
302	0.49176
303	0.49221
304	0.011575
305	0.38987
306	0.65736
307	0.013868
308	0.75332
309	0.89993
310	0.86257
311	0.16035
312	0.67182
313	0.13518
314	0.48088
315	0.38104
316	0.17057
317	0.3169
318	0.87473
319	0.76682
320	0.66441
321	0.81709
322	0.14375
323	0.33313
324	0.59287
325	0.30579
326	0.79431
327	0.67894
328	0.49709
329	0.64917
330	0.92808
331	0.25481
332	0.83771
333	0.77537
334	0.3778
335	0.2476
336	0.62872
337	0.71053
338	0.81312
339	0.262
340	0.096318
341	0.62432
342	0.4135
343	0.61339
344	0.6703
345	0.60651
346	0.38388
347	0.12167
348	0.95583
349	0.69391
350	0.6787
351	0.39065
352	0.92448
353	0.16183
354	0.59694
355	0.02495
356	0.58882
357	0.20826
358	0.049738
359	0.40646
360	0.6004
361	0.36647
362	0.4232
363	0.11767
364	0.19118
365	0.63552
366	0.23035
367	0.062539
368	0.83673
369	0.10293
370	0.42665
371	0.22532
372	0.99053
373	0.66468
374	0.52918
375	0.96262
376	0.69384
377	0.91304
378	0.92703
379	0.27202
380	0.89506
381	0.79335
382	0.76043
383	0.42378
384	0.62702
385	0.29179
386	0.84175
387	0.24533
388	0.37169
389	0.57865
390	0.24498
391	0.70726
392	0.10482
393	0.62046
394	0.72245
395	0.84331
396	0.33576
397	0.29882
398	0.31332
399	0.011281
400	0.42324
401	0.54836
402	0.61349
403	0.9272
404	0.20225
405	0.81883
406	0.33057
407	0.13122
408	0.13551
409	0.38478
410	0.32146
411	0.37764
412	0.21186
413	0.7232
414	0.26989
415	0.77949
416	0.86305
417	0.16316
418	0.61644
419	0.73611
420	0.5807
421	0.94027
422	0.009742
423	0.7991
424	0.16217
425	0.96789
426	0.86231
427	0.013329
428	0.22297
429	0.33659
430	0.098628
431	0.56482
432	0.82059
433	0.10841
434	0.45616
435	0.33754
436	0.37885
437	0.3034
438	0.47283
439	0.12556
440	0.32281
441	0.95909
442	0.46017
443	0.43134
444	0.71075
445	0.5244
446	0.38942
447	0.85926
448	0.73331
449	0.74263
450	0.95808
451	0.55739
452	0.77564
453	0.24035
454	0.20685
455	0.10923
456	0.18197
457	0.91745
458	0.23261
459	0.92957
460	0.85676
461	0.065702
462	0.65285
463	0.25863
464	0.777
465	0.91731
466	0.71498
467	0.44108
468	0.96345
469	0.70222
470	0.012434
471	0.75175
472	0.96154
473	0.11358
474	0.045742
475	0.098414
476	0.64279
477	0.32765
478	0.36547
479	0.41944
480	0.77454
481	0.86821
482	0.58187
483	0.65825
484	0.78608
485	0.40494
486	0.20034
487	0.74442
488	0.71686
489	0.54088
490	0.62768
491	0.037485
492	0.8527
493	0.97415
494	0.65772
495	0.65476
496	0.70102
497	0.11286
498	0.086246
499	0.43168
500	0.44404
501	0.15086
502	0.36007
503	0.93903
504	0.12219
505	0.065135
506	0.59382
507	0.76303
508	0.87257
509	0.27697
510	0.36892
511	0.30105
512	0.41293
513	0.69839
514	0.30054
515	0.39285
516	0.88396
517	0.77312
518	0.18168
519	0.95349
520	0.097812
521	0.5158
522	0.50337
523	0.65932
524	0.88271
525	0.89942
526	0.66288
527	0.26685
528	0.92499
529	0.58018
530	0.31186
531	0.44473
532	0.28661
533	0.5104
534	0.2141
535	0.11352
536	0.23626
537	0.21776
538	0.44751
539	0.31977
540	0.29389
541	0.18653
542	0.072891
543	0.79728
544	0.67468
545	0.46225
546	0.097682
547	0.351
548	0.044431
549	0.4564
550	0.88213
551	0.54742
552	0.0083854
553	0.30712
554	0.63624
555	0.55554
556	0.25858
557	0.77656
558	0.58129
559	0.50253
560	0.35708
561	0.58598
562	0.55951
563	0.058579
564	0.43697
565	0.12944
566	0.94618
567	0.24919
568	0.74325
569	0.79111
570	0.55728
571	0.0060339
572	0.85236
573	0.60411
574	0.45022
575	0.042674
576	0.55191
577	0.41922
578	0.1671
579	0.36144
580	0.81925
581	0.96411
582	0.28822
583	0.19166
584	0.51681
585	0.064319
586	0.5799
587	0.55783
588	0.1787
589	0.62548
590	0.65417
591	0.44955
592	0.29556
593	0.5495
594	0.62038
595	0.83958
596	0.89398
597	0.34339
598	0.30805
599	0.63963
600	0.52688
601	0.87587
602	0.27606
603	0.76554
604	0.16202
605	0.13879
606	0.33205
607	0.42179
608	0.19821
609	0.90926
610	0.043673
611	0.88982
612	0.26873
613	0.69339
614	0.49513
615	0.67212
616	0.83855
617	0.05197
618	0.57837
619	0.12492
620	0.78472
621	0.97599
622	0.6106
623	0.53456
624	0.89154
625	0.67945
626	0.31027
627	0.61663
628	0.78667
629	0.029037
630	0.20398
631	0.043088
632	0.31152
633	0.93221
634	0.84682
635	0.56652
636	0.84976
637	0.55768
638	0.68639
639	0.13216
640	0.2976
641	0.10134
642	0.55319
643	0.74424
644	0.99429
645	0.15202
646	0.63655
647	0.41521
648	0.66885
649	0.53037
650	0.36334
651	0.096577
652	0.53821
653	0.78706
654	0.19342
655	0.20072
656	0.0035435
657	0.14001
658	0.135
659	0.44521
660	0.74264
661	0.35565
662	0.40482
663	0.83686
664	0.70974
665	0.93922
666	0.26827
667	0.18964
668	0.39296
669	0.73284
670	0.092099
671	0.064462
672	0.9626
673	0.66107
674	0.37868
675	0.37559
676	0.55475
677	0.96473
678	0.15202
679	0.36583
680	0.33762
681	0.54835
682	0.9027
683	0.7004
684	0.65662
685	0.55432
686	0.73095
687	0.11486
688	0.41259
689	0.5155
690	0.99915
691	0.78168
692	0.097294
693	0.69093
694	0.077457
695	0.53795
696	0.64883
697	0.27374
698	0.36721
699	0.16925
700	0.25591
701	0.014495
702	0.74574
703	0.27486
704	0.1385
705	0.95152
706	0.44778
707	0.13959
708	0.19973
709	0.52741
710	0.84647
711	0.60174
712	0.93944
713	0.048451
714	0.13742
715	0.36389
716	0.9395
717	0.49908
718	0.73254
719	0.69909
720	0.22799
721	0.38132
722	0.30884
723	0.091766
724	0.38422
725	0.8467
726	0.12566
727	0.36943
728	0.1443
729	0.28585
730	0.21933
731	0.26796
732	0.18529
733	0.67679
734	0.96163
735	0.70382
736	0.40414
737	0.20522
738	0.49036
739	0.12006
740	0.89116
741	0.82041
742	0.7765
743	0.085651
744	0.70452
745	0.21822
746	0.41527
747	0.053672
748	0.37693
749	0.57698
750	0.0085009
751	0.91715
752	0.93042
753	0.49081
754	0.93939
755	0.23244
756	0.9312
757	0.21001
758	0.6459
759	0.26875
760	0.0083684
761	0.99767
762	0.32174
763	0.096501
764	0.35161
765	0.46721
766	0.92897
767	0.43337
768	0.76384
769	0.054077
770	0.54076
771	0.37101
772	0.68222
773	0.068385
774	0.26325
775	0.010916
776	0.67748
777	0.41897
778	0.054188
779	0.23341
780	0.54935
781	0.7762
782	0.95094
783	0.90533
784	0.085207
785	0.69573
786	0.020328
787	0.54054
788	0.47955
789	0.25943
790	0.60819
791	0.37385
792	0.14607
793	0.033113
794	0.0883
795	0.15574
796	0.9386
797	0.76105
798	0.59273
799	0.19038
800	0.96744
801	0.42415
802	0.7229
803	0.45205
804	0.88862
805	0.09747
806	0.38232
807	0.52105
808	0.39096
809	0.99659
810	0.048962
811	0.92814
812	0.49712
813	0.087286
814	0.43103
815	0.69086
816	0.84773
817	0.50918
818	0.93752
819	0.2744
820	0.23756
821	0.17711
822	0.84079
823	0.30612
824	0.046142
825	0.9879
826	0.38542
827	0.34093
828	0.69235
829	0.55696
830	0.93137
831	0.68233
832	0.652
833	0.44096
834	0.23379
835	0.98
836	0.014225
837	0.72505
838	0.61707
839	0.66991
840	0.070489
841	0.40939
842	0.38605
843	0.10689
844	0.85844
845	0.063535
846	0.20657
847	0.85559
848	0.55559
849	0.82548
850	0.82486
851	0.65025
852	0.76221
853	0.79485
854	0.61356
855	0.64612
856	0.95458
857	0.55658
858	0.32685
859	0.83024
860	0.61469
861	0.23498
862	0.066944
863	0.76609
864	0.79049
865	0.45226
866	0.7359
867	0.89882
868	0.96143
869	0.79764
870	0.21054
871	0.24873
872	0.31652
873	0.80682
874	0.97642
875	0.57166
876	0.4035
877	0.10245
878	0.68856
879	0.11505
880	0.51714
881	0.43933
882	0.94849
883	0.48325
884	0.3291
885	0.34946
886	0.30815
887	0.46596
888	0.31212
889	0.2283
890	0.29511
891	0.59828
892	0.10567
893	0.35437
894	0.26207
895	0.66773
896	0.39613
897	0.43546
898	0.9216
899	0.068007
900	0.99865
901	0.36196
902	0.1851
903	0.022984
904	0.54843
905	0.6861
906	0.50999
907	0.17336
908	0.21973
909	0.20685
910	0.011984
911	0.023315
912	0.12547
913	0.5023
914	0.59207
915	0.31582
916	0.53853
917	0.60195
918	0.26307
919	0.71577
920	0.35561
921	0.58122
922	0.36088
923	0.010075
924	0.072111
925	0.82601
926	0.83014
927	0.734
928	0.77805
929	0.094794
930	0.14855
931	0.25777
932	0.45074
933	0.57397
934	0.38668
935	0.5573
936	0.77546
937	0.4458
938	0.19624
939	0.22742
940	0.8837
941	0.060323
942	0.035779
943	0.88505
944	0.96839
945	0.86704
946	0.6401
947	0.83126
948	0.70615
949	0.18006
950	0.31935
951	0.691
952	0.46876
953	0.87006
954	0.17349
955	0.086965
956	0.10901
957	0.71997
958	0.20031
959	0.3544
960	0.24436
961	0.78716
962	0.20804
963	0.45876
964	0.66067
965	0.11887
966	0.48992
967	0.50372
968	0.28923
969	0.48489
970	0.54896
971	0.14102
972	0.1317
973	0.17641
974	0.61909
975	0.16361
976	0.39958
977	0.17812
978	0.3074
979	0.5271
980	0.24368
981	0.24858
982	0.55879
983	0.42528
984	0.90983
985	0.99089
986	0.66577
987	0.74406
988	0.57199
989	0.40565
990	0.5023
991	0.399
992	0.11966
993	0.40602
994	0.17689
995	0.80154
996	0.49765
997	0.54008
998	0.083499
999	0.58568
1000	0.34858
1001	0.5883
1002	0.4787
1003	0.2169
1004	0.13727
1005	0.50314
1006	0.34765
1007	0.14741
1008	0.061435
1009	0.62985
1010	0.56335
1011	0.59605
1012	0.48062
1013	0.022137
1014	0.34978
1015	0.86351
1016	0.99267
1017	0.54123
1018	0.13195
1019	0.45933
1020	0.97233
1021	0.7884
1022	0.97008
1023	0.74223
1024	0.40541
1025	0.027876
1026	0.60566
1027	0.048698
1028	0.87253
1029	0.79617
1030	0.33389
1031	0.51868
1032	0.34502
1033	0.18359
1034	0.16727
1035	0.12904
1036	0.49145
1037	0.68293
1038	0.91726
1039	0.48471
1040	0.76916
1041	0.67057
1042	0.17466
1043	0.099289
1044	0.2176
1045	0.58492
1046	0.6107
1047	0.12957
1048	0.98352
1049	0.88337
1050	0.16269
1051	0.98908
1052	0.64423
1053	0.11526
1054	0.26515
1055	0.03695
1056	0.87956
1057	0.34755
1058	0.44916
1059	0.68321
1060	0.72855
1061	0.27377
1062	0.589
1063	0.62764
1064	0.014353
1065	0.23965
1066	0.96504
1067	0.48669
1068	0.16993
1069	0.27996
1070	0.31513
1071	0.74244
1072	0.22166
1073	0.96289
1074	0.40921
1075	0.47835
1076	0.89174
1077	0.93194
1078	0.92159
1079	0.72028
1080	0.6574
1081	0.20673
1082	0.60642
1083	0.99429
1084	0.38574
1085	0.012471
1086	0.58191
1087	0.40794
1088	0.61257
1089	0.35843
1090	0.95938
1091	0.70331
1092	0.24803
1093	0.30106
1094	0.096059
1095	0.7939
1096	0.33153
1097	0.42203
1098	0.76972
1099	0.84596
1100	0.72593
1101	0.55755
1102	0.34839
1103	0.97841
1104	0.031657
1105	0.58543
1106	0.58809
1107	0.52184
1108	0.41769
1109	0.69099
1110	0.65481
1111	0.6088
1112	0.2572
1113	0.28949
1114	0.96082
1115	0.1247
1116	0.16693
1117	0.31162
1118	0.97187
1119	0.87662
1120	0.39247
1121	0.49936
1122	0.79662
1123	0.0055285
1124	0.41694
1125	0.86171
1126	0.90783
1127	0.96659
1128	0.88917
1129	0.70858
1130	0.19597
1131	0.26356
1132	0.20974
1133	0.68208
1134	0.25983
1135	0.73654
1136	0.034992
1137	0.1593
1138	0.97012
1139	0.63575
1140	0.50526
1141	0.07205
1142	0.71416
1143	0.97164
1144	0.044012
1145	0.063598
1146	0.20635
1147	0.79471
1148	0.68054
1149	0.09355
1150	0.72467
1151	0.86262
1152	0.069015
1153	0.97486
1154	0.48112
1155	0.1295
1156	0.00014037
1157	0.22997
1158	0.91392
1159	0.9035
1160	0.45667
1161	0.29684
1162	0.7503
1163	0.93033
1164	0.6561
1165	0.39196
1166	0.81833
1167	0.90994
1168	0.81512
1169	0.28145
1170	0.84329
1171	0.47968
1172	0.26107
1173	0.64545
1174	0.89345
1175	0.93912
1176	0.88251
1177	0.028618
1178	0.64525
1179	0.59316
1180	0.89868
1181	0.41569
1182	0.92253
1183	0.073086
1184	0.90792
1185	0.83105
1186	0.69355
1187	0.45085
1188	0.88904
1189	0.99235
1190	0.61926
1191	0.036059
1192	0.33037
1193	0.27938
1194	0.94936
1195	0.58075
1196	0.54104
1197	0.43324
1198	0.16231
1199	0.57202
1200	0.24482
1201	0.36098
1202	0.7744
1203	0.21505
1204	0.50122
1205	0.3261
1206	0.50727
1207	0.70572
1208	0.28089
1209	0.37114
1210	0.64419
1211	0.26796
1212	0.032027
1213	0.60755
1214	0.12112
1215	0.84098
1216	0.62522
1217	0.35649
1218	0.13449
1219	0.96372
1220	0.22187
1221	0.1715
1222	0.4468
1223	0.33273
1224	0.82678
1225	0.51918
1226	0.89373
1227	0.53481
1228	0.21885
1229	0.77666
1230	0.93615
1231	0.5054
1232	0.82752
1233	0.66343
1234	0.028476
1235	0.15179
1236	0.61152
1237	0.30097
1238	0.19441
1239	0.42375
1240	0.49146
1241	0.14861
1242	0.054405
1243	0.88327
1244	0.30272
1245	0.67334
1246	0.58581
1247	0.83918
1248	0.34516
1249	0.44572
1250	0.96302
1251	0.91411
1252	0.054098
1253	0.65563
1254	0.11838
1255	0.42431
1256	0.27123
1257	0.7391
1258	0.92386
1259	0.90955
1260	0.68656
1261	0.62253
1262	0.20491
1263	0.30835
1264	0.70655
1265	0.74895
1266	0.85008
1267	0.97486
1268	0.81939
1269	0.43497
1270	0.040042
1271	0.0090939
1272	0.51176
1273	0.22378
1274	0.23563
1275	0.99546
1276	0.57784
1277	0.74624
1278	0.97115
1279	0.10813
1280	0.060308
1281	0.31388
1282	0.84918
1283	0.82264
1284	0.82414
1285	0.91391
1286	0.29861
1287	0.67282
1288	0.77511
1289	0.76761
1290	0.47979
1291	0.64311
1292	0.42594
1293	0.92889
1294	0.60634
1295	0.31956
1296	0.33354
1297	0.77934
1298	0.16384
1299	0.41674
1300	0.17393
1301	0.80939
1302	0.4349
1303	0.59658
1304	0.5325
1305	0.057775
1306	0.2702
1307	0.6352
1308	0.0086293
1309	0.29048
1310	0.60537
1311	0.3928
1312	0.84804
1313	0.85017
1314	0.063998
1315	0.62748
1316	0.87308
1317	0.35115
1318	0.63614
1319	0.34783
1320	0.4131
1321	0.12256
1322	0.89918
1323	0.98648
1324	0.16197
1325	0.13295
1326	0.4843
1327	0.32943
1328	0.61335
1329	0.54452
1330	0.38526
1331	0.67835
1332	0.24025
1333	0.92535
1334	0.50371
1335	0.96237
1336	0.33368
1337	0.66715
1338	0.56894
1339	0.92524
1340	0.57493
1341	0.90321
1342	0.083289
1343	0.26683
1344	0.57725
1345	0.1757
1346	0.66739
1347	0.17919
1348	0.79061
1349	0.12534
1350	0.24408
1351	0.28231
1352	0.92243
1353	0.89867
1354	0.9482
1355	0.90356
1356	0.95749
1357	0.92313
1358	0.059775
1359	0.47843
1360	0.34185
1361	0.63341
1362	0.5812
1363	0.96925
1364	0.15806
1365	0.48359
1366	0.61595
1367	0.07759
1368	0.94306
1369	0.12518
1370	0.14536
1371	0.4375
1372	0.95546
1373	0.032035
1374	0.94962
1375	0.43418
1376	0.14936
1377	0.25483
1378	0.68332
1379	0.90454
1380	0.22425
1381	0.3784
1382	0.068801
1383	0.33121
1384	0.48489
1385	0.43547
1386	0.34779
1387	0.030315
1388	0.38419
1389	0.97792
1390	0.16154
1391	0.30993
1392	0.037281
1393	0.54459
1394	0.14631
1395	0.14527
1396	0.88285
1397	0.14946
1398	0.16439
1399	0.4931
1400	0.79567
1401	0.28349
1402	0.45141
1403	0.70544
1404	0.72871
1405	0.12094
1406	0.099935
1407	0.45607
1408	0.89673
1409	0.39208
1410	0.53014
1411	0.16883
1412	0.022975
1413	0.72666
1414	0.94618
1415	0.71534
1416	0.13916
1417	0.40383
1418	0.54791
1419	0.47408
1420	0.62358
1421	0.81396
1422	0.8967
1423	0.10861
1424	0.76105
1425	0.61314
1426	0.45663
1427	0.43991
1428	0.5265
1429	0.73353
1430	0.065994
1431	0.98316
1432	0.22186
1433	0.82022
1434	0.42647
1435	0.64052
1436	0.98323
1437	0.91789
1438	0.29422
1439	0.052827
1440	0.1834
1441	0.10936
1442	0.0079616
1443	0.50221
1444	0.15574
1445	0.98154
1446	0.76629
1447	0.19744
1448	0.90448
1449	0.78328
1450	0.96522
1451	0.7191
1452	0.92719
1453	0.97941
1454	0.92403
1455	0.94788
1456	0.014562
1457	0.64721
1458	0.65636
1459	0.84179
1460	0.58124
1461	0.5438
1462	0.25838
1463	0.42082
1464	0.6608
1465	0.46735
1466	0.53127
1467	0.017578
1468	0.63252
1469	0.11252
1470	0.98478
1471	0.87088
1472	0.6433
1473	0.26132
1474	0.75532
1475	0.52379
1476	0.56966
1477	0.95802
1478	0.42622
1479	0.47978
1480	0.20455
1481	0.12089
1482	0.12091
1483	0.27908
1484	0.23917
1485	0.49469
1486	0.48223
1487	0.49463
1488	0.82905
1489	0.74026
1490	0.1959
1491	0.27632
1492	0.10065
1493	0.69364
1494	0.060959
1495	0.80393
1496	0.3787
1497	0.69289
1498	0.49057
1499	0.59527
1500	0.87113
1501	0.68743
1502	0.18852
1503	0.61289
1504	0.28792
1505	0.34045
1506	0.77888
1507	0.71029
1508	0.3729
1509	0.43407
1510	0.6206
1511	0.17044
1512	0.48188
1513	0.71804
1514	0.51155
1515	0.18427
1516	0.44669
1517	0.65912
1518	0.075092
1519	0.52753
1520	0.53355
1521	0.38914
1522	0.044004
1523	0.10494
1524	0.55586
1525	0.86491
1526	0.72786
1527	0.98788
1528	0.70832
1529	0.086235
1530	0.10948
1531	0.24398
1532	0.48798
1533	0.37141
1534	0.060757
1535	0.16808
1536	0.30119
1537	0.15667
1538	0.72415
1539	0.13521
1540	0.69633
1541	0.27233
1542	0.074655
1543	0.62757
1544	0.50768
1545	0.64641
1546	0.41534
1547	0.57505
1548	0.03034
1549	0.42594
1550	0.11836
1551	0.52221
1552	0.3807
1553	0.77274
1554	0.49313
1555	0.25087
1556	0.41271
1557	0.38016
1558	0.079485
1559	0.76046
1560	0.72035
1561	0.39042
1562	0.0057887
1563	0.88365
1564	0.030743
1565	0.79098
1566	0.85742
1567	0.66784
1568	0.90814
1569	0.64989
1570	0.96341
1571	0.92952
1572	0.39266
1573	0.64619
1574	0.2399
1575	0.86286
1576	0.18723
1577	0.87761
1578	0.37215
1579	0.65163
1580	0.14348
1581	0.51188
1582	0.83061
1583	0.04702
1584	0.0022144
1585	0.54066
1586	0.97236
1587	0.36999
1588	0.26778
1589	0.5397
1590	0.70449
1591	0.95969
1592	0.39585
1593	0.62551
1594	0.20869
1595	0.7681
1596	0.96471
1597	0.121
1598	0.75447
1599	0.74146
1600	0.45807
1601	0.93405
1602	0.46144
1603	0.86586
1604	0.68037
1605	0.63235
1606	0.2452
1607	0.084593
1608	0.48738
1609	0.7357
1610	0.61152
1611	0.5382
1612	0.74261
1613	0.74995
1614	0.55521
1615	0.6537
1616	0.90486
1617	0.042029
1618	0.17042
1619	0.53433
1620	0.261
1621	0.12195
1622	0.43654
1623	0.89282
1624	0.17785
1625	0.064079
1626	0.58994
1627	0.70835
1628	0.90412
1629	0.29258
1630	0.09402
1631	0.63296
1632	0.19596
1633	0.58752
1634	0.49998
1635	0.91693
1636	0.34999
1637	0.4152
1638	0.52226
1639	0.75376
1640	0.21236
1641	0.65751
1642	0.95401
1643	0.63405
1644	0.25657
1645	0.57209
1646	0.81152
1647	0.13043
1648	0.16325
1649	0.5868
1650	0.27713
1651	0.41219
1652	0.43303
1653	0.017943
1654	0.77351
1655	0.71402
1656	0.44101
1657	0.86185
1658	0.41558
1659	0.7022
1660	0.92501
1661	0.95128
1662	0.97727
1663	0.96809
1664	0.44454
1665	0.039387
1666	0.72688
1667	0.19891
1668	0.50951
1669	0.60207
1670	0.033233
1671	0.50977
1672	0.48811
1673	0.53463
1674	0.5652
1675	0.96841
1676	0.69433
1677	0.68686
1678	0.31233
1679	0.94959
1680	0.15719
1681	0.71532
1682	0.92487
1683	0.87752
1684	0.83909
1685	0.59005
1686	0.8565
1687	0.47798
1688	0.61902
1689	0.95156
1690	0.65669
1691	0.13512
1692	0.92725
1693	0.9454
1694	0.37516
1695	0.010625
1696	0.81451
1697	0.42353
1698	0.87056
1699	0.26802
1700	0.6645
1701	0.31761
1702	0.64291
1703	0.45708
1704	0.13868
1705	0.84517
1706	0.0068247
1707	0.40835
1708	0.92302
1709	0.11113
1710	0.53968
1711	0.45051
1712	0.15654
1713	0.70787
1714	0.31107
1715	0.30023
1716	0.35021
1717	0.62717
1718	0.10731
1719	0.36909
1720	0.67668
1721	0.51049
1722	0.84471
1723	0.64482
1724	0.45168
1725	0.062075
1726	0.19987
1727	0.11438
1728	0.0041074
1729	0.98999
1730	0.83881
1731	0.57419
1732	0.21865
1733	0.084391
1734	0.56942
1735	0.57071
1736	0.90791
1737	0.3692
1738	0.91986
1739	0.26084
1740	0.8871
1741	0.52909
1742	0.80112
1743	0.069279
1744	0.82589
1745	0.69787
1746	0.68203
1747	0.56047
1748	0.58978
1749	0.22888
1750	0.68276
1751	0.53926
1752	0.41885
1753	0.34059
1754	0.98962
1755	0.60661
1756	0.33896
1757	0.36398
1758	0.071651
1759	0.30411
1760	0.0047398
1761	0.92302
1762	0.77219
1763	0.08557
1764	0.47673
1765	0.81543
1766	0.019043
1767	0.64697
1768	0.548
1769	0.34998
1770	0.51311
1771	0.50891
1772	0.98754
1773	0.79942
1774	0.59894
1775	0.20895
1776	0.52651
1777	0.89399
1778	0.83595
1779	0.86603
1780	0.20994
1781	0.444
1782	0.40142
1783	0.50767
1784	0.21951
1785	0.14458
1786	0.054383
1787	0.56889
1788	0.26274
1789	0.41178
1790	0.067232
1791	0.067667
1792	0.58661
1793	0.50774
1794	0.42044
1795	0.40163
1796	0.46129
1797	0.92693
1798	0.15378
1799	0.87966
1800	0.53178
1801	0.52006
1802	0.97703
1803	0.069204
1804	0.69021
1805	0.23324
1806	0.40404
1807	0.071056
1808	0.87046
1809	0.86022
1810	0.68381
1811	0.54094
1812	0.20733
1813	0.81341
1814	0.091703
1815	0.29292
1816	0.93714
1817	0.10568
1818	0.60969
1819	0.87669
1820	0.70272
1821	0.68796
1822	0.98548
1823	0.77158
1824	0.19163
1825	0.84227
1826	0.59845
1827	0.8606
1828	0.74744
1829	0.14473
1830	0.96738
1831	0.11413
1832	0.40369
1833	0.41238
1834	0.14459
1835	0.82848
1836	0.64367
1837	0.31861
1838	0.40086
1839	0.0021118
1840	0.20956
1841	0.17462
1842	0.73502
1843	0.14316
1844	0.039426
1845	0.74141
1846	0.80784
1847	0.09386
1848	0.39401
1849	0.44806
1850	0.71271
1851	0.11072
1852	0.41263
1853	0.82734
1854	0.66328
1855	0.42319
1856	0.87662
1857	0.41527
1858	0.43688
1859	0.97185
1860	0.36405
1861	0.14313
1862	0.21421
1863	0.68207
1864	0.17135
1865	0.12698
1866	0.30977
1867	0.28628
1868	0.68141
1869	0.76831
1870	0.79927
1871	0.099403
1872	0.83164
1873	0.0061987
1874	0.83742
1875	0.66011
1876	0.75339
1877	0.15594
1878	0.43763
1879	0.99841
1880	0.4061
1881	0.063422
1882	0.76601
1883	0.75391
1884	0.24363
1885	0.9358
1886	0.49745
1887	0.42078
1888	0.16176
1889	0.66148
1890	0.3719
1891	0.2963
1892	0.50483
1893	0.48254
1894	0.60996
1895	0.20076
1896	0.85543
1897	0.56209
1898	0.98153
1899	0.088247
1900	0.74626
1901	0.5336
1902	0.10367
1903	0.34753
1904	0.80185
1905	0.2891
1906	0.99143
1907	0.49191
1908	0.58204
1909	0.82295
1910	0.22501
1911	0.38119
1912	0.9357
1913	0.53976
1914	0.18584
1915	0.96904
1916	0.05867
1917	0.01223
1918	0.59986
1919	0.85491
1920	0.53626
1921	0.60701
1922	0.36102
1923	0.42849
1924	0.78233
1925	0.36589
1926	0.43769
1927	0.1469
1928	0.25808
1929	0.92007
1930	0.09905
1931	0.24008
1932	0.787
1933	0.69183
1934	0.80348
1935	0.79849
1936	0.069583
1937	0.71031
1938	0.56155
1939	0.60403
1940	0.20551
1941	0.20481
1942	0.16598
1943	0.3507
1944	0.2652
1945	0.70284
1946	0.33139
1947	0.63216
1948	0.87177
1949	0.70054
1950	0.95807
1951	0.39314
1952	0.18324
1953	0.89342
1954	0.71341
1955	0.76241
1956	0.024528
1957	0.26449
1958	0.55614
1959	0.38753
1960	0.74276
1961	0.39838
1962	0.16252
1963	0.12559
1964	0.62996
1965	0.91332
1966	0.95544
1967	0.76644
1968	0.12208
1969	0.0066867
1970	0.45414
1971	0.2817
1972	0.33347
1973	0.54267
1974	0.089231
1975	0.090105
1976	0.69042
1977	0.59323
1978	0.15318
1979	0.28069
1980	0.3693
1981	0.66746
1982	0.93075
1983	0.075339
1984	0.40151
1985	0.33567
1986	0.86315
1987	0.6043
1988	0.050423
1989	0.15723
1990	0.31226
1991	0.97725
1992	0.88
1993	0.63535
1994	0.2962
1995	0.81317
1996	0.51004
1997	0.46643
1998	0.42861
1999	0.25302
2000	0.34839
2001	0.036536
2002	0.55214
2003	0.12552
2004	0.99845
2005	0.80164
2006	0.50262
2007	0.76015
2008	0.85752
2009	0.60596
2010	0.020562
2011	0.96077
2012	0.9528
2013	0.50013
2014	0.17211
2015	0.3538
2016	0.95686
2017	0.55006
2018	0.094211
2019	0.60553
2020	0.64958
2021	0.69958
2022	0.21758
2023	0.71433
2024	0.22892
2025	0.75118
2026	0.32397
2027	0.13696
2028	0.81968
2029	0.6423
2030	0.74001
2031	0.53885
2032	0.044778
2033	0.67213
2034	0.97968
2035	0.44282
2036	0.59889
2037	0.091805
2038	0.42282
2039	0.73293
2040	0.99047
2041	0.017787
2042	0.83131
2043	0.99703
2044	0.6272
2045	0.70033
2046	0.76934
2047	0.16583
2048	0.65924
2049	0.27722
2050	0.5372
2051	0.41352
2052	0.068961
2053	0.41904
2054	0.69704
2055	0.82188
2056	0.58305
2057	0.46709
2058	0.94454
2059	0.3228
2060	0.15134
2061	0.94609
2062	0.60504
2063	0.05566
2064	0.51587
2065	0.76597
2066	0.041415
2067	0.53973
2068	0.91817
2069	0.4812
2070	0.4817
2071	0.28093
2072	0.057565
2073	0.44266
2074	0.95314
2075	0.54957
2076	0.17218
2077	0.68097
2078	0.27931
2079	0.71564
2080	0.88565
2081	0.48639
2082	0.6072
2083	0.37729
2084	0.70626
2085	0.89209
2086	0.25873
2087	0.59868
2088	0.53117
2089	0.059364
2090	0.61016
2091	0.58583
2092	0.43312
2093	0.74526
2094	0.060165
2095	0.34797
2096	0.60242
2097	0.17267
2098	0.48051
2099	0.56964
2100	0.61627
2101	0.74999
2102	0.2776
2103	0.63588
2104	0.26027
2105	0.37459
2106	0.97194
2107	0.34321
2108	0.52862
2109	0.55216
2110	0.96398
2111	0.1656
2112	0.12495
2113	0.47729
2114	0.10239
2115	0.77176
2116	0.4961
2117	0.10077
2118	0.90814
2119	0.73513
2120	0.79985
2121	0.17014
2122	0.57917
2123	0.67524
2124	0.40239
2125	0.29342
2126	0.16593
2127	0.24002
2128	0.036159
2129	0.15591
2130	0.79406
2131	0.53322
2132	0.74286
2133	0.80312
2134	0.9524
2135	0.31838
2136	0.43072
2137	0.63253
2138	0.83251
2139	0.30693
2140	0.79833
2141	0.3791
2142	0.83846
2143	0.83495
2144	0.15876
2145	0.50062
2146	0.74225
2147	0.42242
2148	0.34871
2149	0.047891
2150	0.3562
2151	0.091483
2152	0.97899
2153	0.0047938
2154	0.87231
2155	0.35607
2156	0.7845
2157	0.55814
2158	0.36122
2159	0.75449
2160	0.99369
2161	0.75445
2162	0.97994
2163	0.86704
2164	0.48443
2165	0.26042
2166	0.0021123
2167	0.44868
2168	0.96705
2169	0.11654
2170	0.47592
2171	0.79755
2172	0.89081
2173	0.53644
2174	0.09704
2175	0.89304
2176	0.021341
2177	0.36787
2178	0.36995
2179	0.78819
2180	0.55054
2181	0.59503
2182	0.6358
2183	0.44627
2184	0.25122
2185	0.048808
2186	0.62031
2187	0.22897
2188	0.14179
2189	0.4316
2190	0.89637
2191	0.68115
2192	0.47407
2193	0.95313
2194	0.84093
2195	0.60932
2196	0.75938
2197	0.75451
2198	0.075833
2199	0.77563
2200	0.074245
2201	0.91565
2202	0.44188
2203	0.9542
2204	0.73421
2205	0.89479
2206	0.021443
2207	0.38288
2208	0.80032
2209	0.78539
2210	0.46537
2211	0.62894
2212	0.1616
2213	0.22247
2214	0.1933
2215	0.15708
2216	0.024839
2217	0.37687
2218	0.0020571
2219	0.89543
2220	0.77371
2221	0.23534
2222	0.97033
2223	0.65076
2224	0.76585
2225	0.21961
2226	0.85702
2227	0.5403
2228	0.058116
2229	0.82026
2230	0.2684
2231	0.87261
2232	0.57333
2233	0.92743
2234	0.9432
2235	0.38986
2236	0.91073
2237	0.30971
2238	0.42731
2239	0.10072
2240	0.95709
2241	0.40188
2242	0.50965
2243	0.19692
2244	0.50048
2245	0.45781
2246	0.1068
2247	0.88986
2248	0.51234
2249	0.022069
2250	0.4258
2251	0.59523
2252	0.25912
2253	0.58913
2254	0.46501
2255	0.92702
2256	0.53002
2257	0.30356
2258	0.80116
2259	0.6219
2260	0.16224
2261	0.9566
2262	0.54598
2263	0.18457
2264	0.46178
2265	0.49491
2266	0.55939
2267	0.52845
2268	0.94156
2269	0.052049
2270	0.10849
2271	0.31251
2272	0.28445
2273	0.59013
2274	0.21892
2275	0.16945
2276	0.35946
2277	0.27614
2278	0.66378
2279	0.086685
2280	0.22606
2281	0.726
2282	0.49899
2283	0.18613
2284	0.24096
2285	0.12667
2286	0.17556
2287	0.029555
2288	0.012825
2289	0.52771
2290	0.83997
2291	0.16378
2292	0.4695
2293	0.29812
2294	0.14889
2295	0.050747
2296	0.7673
2297	0.8066
2298	0.87351
2299	0.01052
2300	0.67301
2301	0.50019
2302	0.54029
2303	0.29616
2304	0.77588
2305	0.82311
2306	0.2199
2307	0.81608
2308	0.55423
2309	0.61272
2310	0.18523
2311	0.76786
2312	0.65795
2313	0.73272
2314	0.90512
2315	0.85705
2316	0.14471
2317	0.44742
2318	0.923
2319	0.12353
2320	0.79367
2321	0.65086
2322	0.97011
2323	0.032931
2324	0.1562
2325	0.16919
2326	0.23061
2327	0.94952
2328	0.62459
2329	0.88788
2330	0.68206
2331	0.057918
2332	0.16803
2333	0.894
2334	0.22449
2335	0.76773
2336	0.5613
2337	0.097964
2338	0.55411
2339	0.56005
2340	0.25414
2341	0.02823
2342	0.21819
2343	0.82739
2344	0.19022
2345	0.44908
2346	0.45711
2347	0.36261
2348	0.70555
2349	0.80907
2350	0.52968
2351	0.23887
2352	0.23372
2353	0.063305
2354	0.22094
2355	0.46401
2356	0.64051
2357	0.88331
2358	0.99394
2359	0.21532
2360	0.77631
2361	0.49231
2362	0.30813
2363	0.69292
2364	0.37518
2365	0.78196
2366	0.12691
2367	0.63932
2368	0.099494
2369	0.52149
2370	0.12636
2371	0.21933
2372	0.43094
2373	0.59333
2374	0.75122
2375	0.99117
2376	0.60641
2377	0.95329
2378	0.035684
2379	0.30775
2380	0.78119
2381	0.26233
2382	0.98726
2383	0.034617
2384	0.32116
2385	0.95847
2386	0.79117
2387	0.85023
2388	0.51863
2389	0.26914
2390	0.165
2391	0.61739
2392	0.36051
2393	0.039592
2394	0.67129
2395	0.0086836
2396	0.64972
2397	0.40873
2398	0.49858
2399	0.048834
2400	0.27305
2401	0.4494
2402	0.057787
2403	0.40168
2404	0.27232
2405	0.92249
2406	0.075093
2407	0.63028
2408	0.37087
2409	0.11712
2410	0.79118
2411	0.15703
2412	0.81114
2413	0.65137
2414	0.2512
2415	0.026281
2416	0.076346
2417	0.86189
2418	0.50228
2419	0.10804
2420	0.67936
2421	0.7164
2422	0.11874
2423	0.48455
2424	0.53382
2425	0.74063
2426	0.31649
2427	0.94852
2428	0.85618
2429	0.2812
2430	0.21143
2431	0.96044
2432	0.75682
2433	0.99727
2434	0.92783
2435	0.30311
2436	0.85095
2437	0.67395
2438	0.53207
2439	0.26261
2440	0.59352
2441	0.61714
2442	0.79253
2443	0.63133
2444	0.45127
2445	0.98463
2446	0.62247
2447	0.64051
2448	0.65722
2449	0.019043
2450	0.3916
2451	0.046836
2452	0.56409
2453	0.59576
2454	0.70403
2455	0.10762
2456	0.44243
2457	0.70452
2458	0.29713
2459	0.96926
2460	0.56307
2461	0.63169
2462	0.84131
2463	0.39916
2464	0.49374
2465	0.71118
2466	0.51917
2467	0.83569
2468	0.32017
2469	0.2533
2470	0.4262
2471	0.65017
2472	0.35915
2473	0.37675
2474	0.35781
2475	0.32582
2476	0.036153
2477	0.89573
2478	0.055729
2479	0.74429
2480	0.64645
2481	0.94916
2482	0.90888
2483	0.77418
2484	0.52118
2485	0.11267
2486	0.50636
2487	0.93311
2488	0.64304
2489	0.96593
2490	0.85919
2491	0.90767
2492	0.79655
2493	0.46776
2494	0.79882
2495	0.49838
2496	0.33862
2497	0.94314
2498	0.61382
2499	0.95952
